# mini: 500, opt: rmsprop, epochs:  100, beta: 0.9, CD-n: 1
# 
1.856520939822656544e+02	5.507243481498640403e-01	1.611929360254945323e+03	1.190677755091877899e-01
1.820664713779008821e+02	-1.938797842360884260e-01	1.573678644918480131e+03	1.259081116288391922e-01
1.889147956090258162e+02	4.478087255722085214e-01	1.627187500041445674e+03	1.259645255035575229e-01
1.844806222886295473e+02	-3.983430914197914063e-01	1.589537865761122930e+03	1.302117386712267066e-01
1.790162003842110323e+02	2.287237126535263121e-01	1.583282258026332329e+03	1.171762366393238608e-01
1.828463836120364761e+02	3.341092130349884171e-01	1.644817097387187914e+03	1.204068405045619627e-01
1.872554405084135283e+02	-7.639047335084958590e-02	1.640353920247087217e+03	1.231507397041182728e-01
1.864542839411312514e+02	7.364573618278021927e-01	1.633491606352778945e+03	1.213013322688487605e-01
1.828061815147398192e+02	4.607294873692299175e-01	1.617909602623192541e+03	1.228140301788747113e-01
1.859432709188477304e+02	6.488329444820918335e-01	1.597329126901599011e+03	1.252879318978468159e-01
1.798663392633541207e+02	5.883384222549650211e-01	1.587512489986250330e+03	1.293029800492486725e-01
1.897226923696793790e+02	8.481629072967488137e-01	1.743942071236563834e+03	1.175651481997215253e-01
1.887339397140853521e+02	4.533394833393237233e-01	1.635850817780084071e+03	1.276595744680850686e-01
1.887559270592581981e+02	5.575774800204472692e-01	1.662378178375601465e+03	1.240496198479392742e-01
1.818645100067629983e+02	4.718683025067366144e-01	1.571674108775231844e+03	1.233191702074480922e-01
1.926720010795548887e+02	7.598507849638809208e-01	1.698150306679798632e+03	1.191792419941231085e-01
1.875393292085689438e+02	-2.517931001942448344e-01	1.644614720307803964e+03	1.191792419941231085e-01
1.834638929053888887e+02	7.604113524056099749e-02	1.628620052384333576e+03	1.259081116288391922e-01
1.843710931789471204e+02	4.941517822894803125e-01	1.576334372642530298e+03	1.218611152713293677e-01
1.856897950884754493e+02	6.151853525988528748e-01	1.590630220618231078e+03	1.226457511115550680e-01
1.800016666589506826e+02	4.346966815833269715e-01	1.543548004270998263e+03	1.300980638672366574e-01
1.839847819793800170e+02	4.254155316600949366e-01	1.619306151939459141e+03	1.214692085038426850e-01
1.882994954852508158e+02	1.824262678952707217e-01	1.611691937039101276e+03	1.287924452481414850e-01
1.844443005354190745e+02	7.007039230336734592e-01	1.583380718078151176e+03	1.282257254744452180e-01
1.866003751335993286e+02	7.424375781322904988e-01	1.553581448654769474e+03	1.187892064124265179e-01
1.833128473402778127e+02	6.225598639024836345e-01	1.581273529241825827e+03	1.198485074998754119e-01
1.890909833915937952e+02	3.907488576428135296e-01	1.633843083704114179e+03	1.212453846921464073e-01
1.841998914223349857e+02	3.870781567434204984e-01	1.613882546069397904e+03	1.244995996797437776e-01
1.852557691409365930e+02	5.733836323139628321e-01	1.603382393561873869e+03	1.242183200760418327e-01
1.856693297235706552e+02	4.111074573067713400e-01	1.576224550459256534e+03	1.257953008366314851e-01
1.867964132417964720e+02	7.432762888987100025e-01	1.586717078969548083e+03	1.177875049741345936e-01
1.869374226847048419e+02	4.095977617773851609e-01	1.611082661103057035e+03	1.259645255035575229e-01
1.865663420877409919e+02	7.827213420720474657e-01	1.655505340774492652e+03	1.251189105292145332e-01
1.786770830296935344e+02	3.063644033406790479e-01	1.565804348494681108e+03	1.288491485407143866e-01
1.845944202840378239e+02	5.172331321376903990e-01	1.592232265360577003e+03	1.289058575303927423e-01
1.821680542795580209e+02	-2.306349024107650081e-01	1.607551041337032984e+03	1.300980638672366574e-01
1.824091554719773285e+02	4.198018899663312764e-01	1.603032641430701233e+03	1.238809702425607284e-01
1.889068553546959208e+02	6.055942390393835861e-01	1.687047090260094819e+03	1.261338010523678221e-01
1.814998622589008903e+02	4.810153070105486206e-01	1.609563078985943321e+03	1.279425789288761717e-01
1.833638459457043552e+02	3.376187008878931417e-01	1.568407285291805920e+03	1.222532960447462180e-01
1.856970651356666053e+02	5.496407148963593503e-01	1.616417187824556549e+03	1.272636067218460010e-01
1.840804172094359501e+02	6.907465618280834718e-01	1.645854310958019596e+03	1.205185739217153884e-01
1.869898392961499951e+02	3.373660986244805260e-01	1.637697641938180595e+03	1.241058476314340631e-01
1.859784933802830835e+02	6.743456902495632566e-01	1.577134976199012272e+03	1.254006410256409687e-01
1.825784762780103847e+02	5.412832761955460592e-01	1.579641676864095416e+03	1.297003820631410509e-01
1.858372944271413019e+02	8.297645132758169062e-01	1.620954389244387585e+03	1.218051118210863315e-01
1.865647340737257309e+02	4.765728637477766316e-01	1.579734673029215173e+03	1.261902375463566095e-01
1.816650764456393858e+02	6.968541342760108392e-01	1.558789154033481282e+03	1.204068405045619627e-01
1.851710020494569733e+02	2.592934739815050404e-01	1.598532312416243485e+03	1.206303296264898961e-01
1.822838445940835470e+02	6.294553929887469756e-01	1.560021029941591905e+03	1.191235059760955561e-01
1.848174775285064868e+02	3.398331578533860808e-01	1.653164090286132023e+03	1.137433711651880675e-01
1.823244361022405542e+02	-1.920755353331189408e-01	1.579758475256033762e+03	1.313497457584453798e-01
1.839499932046750530e+02	-3.896104367103980781e-01	1.625902008906732135e+03	1.301548984107825380e-01
1.850386446124160500e+02	3.683068888278053787e-01	1.618297243773923128e+03	1.202392821535394063e-01
1.877397134332531152e+02	6.472279316696769591e-01	1.660587869606906452e+03	1.218611152713293677e-01
1.867372485606447015e+02	4.085592327013083391e-01	1.679511268883880348e+03	1.248373210531583677e-01
1.840831333935838927e+02	5.241359540124680416e-01	1.621720317893793435e+03	1.321477152501384644e-01
1.856687911308737000e+02	6.030898295708951862e-01	1.625615624197847183e+03	1.145719670667593171e-01
1.860808963864909913e+02	6.887886809018033407e-01	1.620721210177145394e+03	1.279425789288761717e-01
1.907723774554377201e+02	6.559838675648330675e-01	1.663824696146726410e+03	1.323188551849239225e-01
1.836943112891632097e+02	2.100904478411999010e-01	1.606174319498030854e+03	1.256825126483995803e-01
1.839703780503807025e+02	4.927616878335555617e-01	1.616026178283779700e+03	1.247810200710746109e-01
1.881169848790906087e+02	6.065085445164204447e-01	1.598728963918040108e+03	1.203509821517598777e-01
1.841507534603103409e+02	3.826482715966139647e-01	1.638058394737965500e+03	1.283956816469997708e-01
1.851261731900705456e+02	5.219922544256387908e-01	1.624792277616537376e+03	1.254570040566935774e-01
1.788524531562259483e+02	7.189555564301348678e-01	1.552940711608848233e+03	1.274332731286373921e-01
1.867835645874657757e+02	5.182690340284936692e-01	1.633332841795851436e+03	1.242183200760418327e-01
1.841369055892924393e+02	2.431201506174285321e-01	1.601510594552923976e+03	1.308373590982285783e-01
1.854249174194234513e+02	4.836578828491709947e-01	1.629011831149484351e+03	1.298139768728003851e-01
1.844868559003594726e+02	1.109371751111811744e-01	1.621170923146995847e+03	1.277161639985948671e-01
1.857759403152087430e+02	5.791209411056226219e-01	1.646385907826044104e+03	1.257953008366314851e-01
1.902440537835545626e+02	5.053504225870302236e-01	1.616777284344207146e+03	1.278293601003763769e-01
1.835625234082382065e+02	4.882066328401284405e-01	1.610268317394540418e+03	1.267549137585237684e-01
1.834031079344077000e+02	4.589685796489886283e-01	1.570822336484851803e+03	1.286223695444728143e-01
1.911303220318534386e+02	8.000091751873420476e-01	1.690106538285613169e+03	1.261902375463566095e-01
1.912349340471034509e+02	8.214554020033352222e-01	1.696457489264736978e+03	1.356377602587426345e-01
1.838317165235640118e+02	5.381345903739769287e-01	1.564422204839537699e+03	1.252879318978468159e-01
1.853324040744089700e+02	1.695073067257767407e-01	1.591431337272967767e+03	1.235999999999999321e-01
1.864647419755273745e+02	3.624650788008598745e-01	1.617455700614118541e+03	1.257389039174432455e-01
1.871956196068700535e+02	8.551618925497737056e-01	1.701950509887956287e+03	1.250062578222779219e-01
1.823414379673474173e+02	-6.735039374358597897e-02	1.606774017302996981e+03	1.274898399478199273e-01
1.849708085077210171e+02	6.645520667669418957e-01	1.543067200239126578e+03	1.224775224775225269e-01
1.858146926375844998e+02	3.132325885026964185e-01	1.637238699319688976e+03	1.217491139619628626e-01
1.809477825230251256e+02	4.942355723758342645e-01	1.616933120706241425e+03	1.263031275060144676e-01
1.915810533429649922e+02	6.997979968634315817e-01	1.690328199983062404e+03	1.243870709496648352e-01
1.832667454831890552e+02	5.672683200469237352e-01	1.610593661096459073e+03	1.213013322688487605e-01
1.866788686488109192e+02	5.487279564740588089e-01	1.675087759122197212e+03	1.299844119273898535e-01
1.860817024857629747e+02	6.372351036381364020e-01	1.628411216367658653e+03	1.232068775928425453e-01
1.835036784372454974e+02	3.764031928465907395e-01	1.605530724973330962e+03	1.223093442541076659e-01
1.873819628459473563e+02	4.090284814091984522e-01	1.640645210673147858e+03	1.208539079255823712e-01
1.849175491942287124e+02	6.728732513995594466e-01	1.555636624499197751e+03	1.330039326409195866e-01
1.830464421943240154e+02	2.320745069681159345e-01	1.649427475334107385e+03	1.198485074998754119e-01
1.917701749490780401e+02	8.344358504852642522e-01	1.708697079894193394e+03	1.278293601003763769e-01
1.876640615568148860e+02	6.452835176882982804e-01	1.647629094859948964e+03	1.289058575303927423e-01
1.861518197601087081e+02	6.076832015844564339e-01	1.675879160649959204e+03	1.234314852772084858e-01
1.812156174285207726e+02	5.576305249402094821e-01	1.639029060748524444e+03	1.315776222367692760e-01
1.852109607987605102e+02	4.271863090953288422e-01	1.619986146879738271e+03	1.261338010523678221e-01
1.848853698917250767e+02	4.616975844751429747e-01	1.588284255630728239e+03	1.284523450838606085e-01
1.850399956766104310e+02	3.986017312657440526e-01	1.607167004046911188e+03	1.329468111923368667e-01
1.815948787824150088e+02	6.919131310141773961e-01	1.516808989632109842e+03	1.241058476314340631e-01
