# mini: 500, opt: adam, epochs:  100, beta: 0.9, CD-n: 1
# 
1.284978599043579379e+02	6.890368509638646888e-01	6.677253525094088218e+02	1.936947153549550826e-02
1.288223583078651870e+02	5.222959366530326442e-01	6.175505489734051707e+02	1.789192372152004218e-02
1.253279697433896871e+02	9.391572167111905678e-01	6.211599910332240597e+02	1.229785125456106520e-02
1.296788340478121313e+02	2.036929671006026954e-02	6.380167558290136185e+02	2.238398544131037227e-02
1.307206946125975833e+02	7.566191846629819473e-01	6.803777650085007735e+02	1.211547989010486326e-02
1.281967238270931944e+02	5.910747660910879997e-01	7.174811853488411089e+02	1.646462818889093960e-02
1.304131895170116593e+02	6.996779022424294281e-01	6.885702993234464202e+02	1.798414496036238042e-02
1.307199296205440930e+02	4.106882083759579860e-01	7.049050062098216358e+02	1.890727726139207476e-02
1.301564443275860299e+02	6.946079147679440347e-01	6.314349782327516323e+02	1.918454351671283753e-02
1.269531409615374571e+02	7.109207198094594782e-01	6.995756436460924306e+02	2.071220930232553492e-02
1.309499904543715445e+02	5.846622974341513235e-01	6.728416060201494702e+02	1.591320072332735869e-02
1.281858026460028839e+02	7.384742988441288514e-01	6.846026600671444839e+02	1.923076923076916245e-02
1.268790762891974992e+02	-7.465999812510371036e-02	6.427087202206457732e+02	2.215146690925640094e-02
1.305438623605108432e+02	5.044058569041114382e-01	6.993773455865072037e+02	1.710871729881424663e-02
1.304335079647864291e+02	7.589601732619647434e-01	7.464969734236236718e+02	1.826090896732979196e-02
1.315564517612116049e+02	8.128694853583071644e-01	7.552085902989583701e+02	1.844550192612737227e-02
1.296529984227129262e+02	7.132414263502877549e-01	6.917959732917894371e+02	1.577543732766795159e-02
1.244785122019057582e+02	6.593116095208099159e-01	5.847695038264008645e+02	1.293666892044176286e-02
1.301606699429593448e+02	7.370839150954193730e-01	6.797130229647974602e+02	1.417095405722545998e-02
1.308048164250842831e+02	3.803210565447681102e-01	6.215387162017559604e+02	1.669456634845944976e-02
1.279640574536459354e+02	8.775625455100380945e-01	6.728377112018868047e+02	1.134113411341131084e-02
1.276992560667445673e+02	-3.469066851009114938e-01	6.753580566580328650e+02	2.280278548996395038e-02
1.305005747113781922e+02	3.182052426228233477e-01	6.837059241262429623e+02	1.568361581920907355e-02
1.324413077555488485e+02	7.457959080082599002e-01	6.529920613989129379e+02	2.001724842267704751e-02
1.303230601236788004e+02	7.617242669890940121e-01	6.782555187340918792e+02	1.844550192612737227e-02
1.290437910168482176e+02	6.664153886844516039e-01	7.003528990147249260e+02	1.738500543281418231e-02
1.311842216122045670e+02	6.109591019890099339e-01	6.443964525486585444e+02	2.117604289739172252e-02
1.302436178858680194e+02	7.957688757164738114e-01	6.361792757083628658e+02	1.043165467625906118e-02
1.326687604524893516e+02	5.902536369303841290e-01	7.197694683649735907e+02	2.103684856195187081e-02
1.197359595109171835e+02	8.884890692138387447e-01	6.071311331318677276e+02	1.398790722858955782e-02
1.264480130330247647e+02	7.161181197172462598e-01	6.113059024788968827e+02	2.010985519088470674e-02
1.307600856530768851e+02	3.038370469905360416e-01	6.442192464731682549e+02	2.364141575183342781e-02
1.293325171795554240e+02	7.919451078311904313e-01	6.372761809483937441e+02	1.849166062364027141e-02
1.321699663312357984e+02	7.141769542548339622e-01	7.257068824297798528e+02	1.660257860212621672e-02
1.328198027404046400e+02	6.925526835552198168e-01	7.310135826616050281e+02	1.821477118260084183e-02
1.324118574750766015e+02	1.000549716070365802e-01	6.950086423337563701e+02	1.563771128988511450e-02
1.309671714591103182e+02	7.679465148942622443e-01	6.417885469823922904e+02	2.410791596408867754e-02
1.287885864508186842e+02	7.690617209060633952e-01	6.443548515375133547e+02	1.798414496036238042e-02
1.303115497567272314e+02	7.086145164906116900e-01	6.765290871828790387e+02	2.001724842267704751e-02
1.280425710457268167e+02	4.407970842341962792e-01	7.057968346370013251e+02	1.858399057202420046e-02
1.308533530330805092e+02	5.586772360999301412e-01	6.714126761980073752e+02	1.412518615460989224e-02
1.261685380750684544e+02	7.073429172638759921e-01	6.267437650414108248e+02	1.421672609107726970e-02
1.286569080928031497e+02	6.297482724962024658e-01	6.517393185796071293e+02	2.336171956828625440e-02
1.272230325059106661e+02	5.859107001646555180e-01	6.441592717840273963e+02	1.632671520962425404e-02
1.341767491035611499e+02	8.220472526717101935e-01	7.419664136017296414e+02	1.531649573035731571e-02
1.316339621830171893e+02	6.924320923836331243e-01	7.047784530819553765e+02	2.117604289739172252e-02
1.301007302054834724e+02	4.306965231666903815e-01	7.115386819399692513e+02	1.895347782715162133e-02
1.330424744207653305e+02	5.688521497107126290e-01	7.076955545218332873e+02	1.849166062364027141e-02
1.298911082407106221e+02	6.500658461457686776e-01	6.712794454081679305e+02	2.015616488106042326e-02
1.275946707351055522e+02	5.542025666712514509e-01	6.436112279015724198e+02	1.674056646457344755e-02
1.336764751180999724e+02	6.560302815228644668e-01	7.351727820420844637e+02	1.839934741230853099e-02
1.318324694451256960e+02	8.564119029123404836e-01	6.940593819259340762e+02	1.978580504628779657e-02
1.258232887823236013e+02	4.930640957299777805e-01	6.577506602198315022e+02	1.863016182403343102e-02
1.294797281430572014e+02	6.195460264966248243e-01	6.187088026382951966e+02	1.863016182403343102e-02
1.323015494996184884e+02	7.445291379881691096e-01	7.293005595608443627e+02	1.821477118260084183e-02
1.288145954463235512e+02	3.408737027182738855e-01	6.349666488497798582e+02	1.950821159604387844e-02
1.261455508529730167e+02	7.712327439039705634e-01	7.218852558416394913e+02	1.261715933669793621e-02
1.287862570307872545e+02	6.274581820328583026e-01	6.055578414492277943e+02	2.015616488106042326e-02
1.345663405164902144e+02	2.886537000514035611e-01	7.280264696968229146e+02	1.490380272784763704e-02
1.309694620894504453e+02	7.290873078551407538e-01	7.241440948422158499e+02	1.513303518995345875e-02
1.263467451104301347e+02	5.613044863311165145e-01	6.473733078172566593e+02	1.371346084446045666e-02
1.337867706464282662e+02	6.847667927759882867e-01	6.962405768286121202e+02	1.513303518995345875e-02
1.324137455100489262e+02	5.130162234937056809e-01	6.584906050825136390e+02	2.122244944330842209e-02
1.338670982728766035e+02	6.818959280671661460e-01	7.251075773697783688e+02	1.568361581920907355e-02
1.307168696075605965e+02	5.571336268962397975e-01	6.844227047972922264e+02	1.628075253256144883e-02
1.281062059386663918e+02	5.737288916392183635e-01	6.245290291397805049e+02	2.089769216790848816e-02
1.296375717143760937e+02	6.220620302589976447e-01	6.877214518547158377e+02	1.881488869746572590e-02
1.280890315366620200e+02	6.880002378125373852e-01	6.512566878063955755e+02	7.713004484305008290e-03
1.282715868772192209e+02	7.987200085338721500e-01	6.461612162058931972e+02	1.614288944155539696e-02
1.292458896831926438e+02	-3.481233139088324435e-03	6.979692784611756906e+02	1.641865303722456204e-02
1.337149954193619976e+02	8.407902985256834327e-01	6.717355984100381647e+02	1.766144370980882172e-02
1.317296473843303204e+02	7.756615032723229719e-01	6.581655519333568236e+02	1.835319708161509134e-02
1.298579993685410159e+02	4.710905027136931267e-01	6.421590487783998924e+02	1.216106657057913765e-02
1.283732838249454460e+02	6.516366636802763956e-01	6.757020811762519088e+02	2.103684856195187081e-02
1.333862811536479001e+02	7.528908103351650283e-01	6.881553359530184935e+02	1.362201172755983514e-02
1.269562916912746005e+02	7.649976006680614393e-01	6.544793085183858921e+02	1.216106657057913765e-02
1.303798297283747729e+02	5.041867990348742889e-01	6.981670355253942262e+02	1.867633726201267663e-02
1.310160295536389867e+02	5.646942819850546691e-01	6.974788605731154121e+02	1.835319708161509134e-02
1.303871159279167387e+02	6.323399059205959682e-01	6.506026260516131288e+02	1.913832199546483537e-02
1.306307773841984101e+02	6.235833786279513236e-01	7.025728077565568128e+02	1.243467291403854702e-02
1.325499905695960479e+02	6.463117072427531085e-01	6.716280864597515574e+02	1.554591467823573936e-02
1.300438387621651373e+02	6.977267530902044879e-01	6.553510929859990028e+02	1.830705093347839707e-02
1.276910333578673828e+02	6.394875874932011151e-01	7.109385233508460260e+02	2.191905411550698624e-02
1.283841890576873084e+02	5.332101236273600886e-01	6.455585455045253411e+02	1.284535989543433843e-02
1.331720691436458708e+02	7.326913830255885607e-01	7.069639887026914948e+02	9.659882284225096427e-03
1.274021192916350174e+02	6.352371328890740187e-01	6.226201665478012046e+02	1.646462818889093960e-02
1.288072202945160996e+02	9.127999695515203182e-01	6.137642129124482153e+02	1.743106804907856855e-02
1.247357206256491651e+02	7.361234148142155043e-01	6.547886452445104624e+02	1.701665459811740888e-02
1.253303634399900801e+02	5.083382240411014052e-01	6.310110805670983609e+02	1.747713483654811384e-02
1.301956220462116960e+02	7.714864511238621603e-01	6.563512473030802994e+02	2.020247877604752773e-02
1.304507569928208568e+02	3.430253145219516187e-01	6.633895619490635909e+02	1.582135430792885877e-02
1.245403549055485826e+02	7.603436320905714307e-01	6.161684832410452373e+02	1.485796865826682911e-02
1.268439986755384439e+02	7.618540692053759056e-01	7.072477170205941093e+02	1.458305115355096326e-02
1.314370571794727880e+02	7.637442165467621669e-01	6.822273893371474287e+02	1.669456634845944976e-02
1.292458896831926438e+02	-7.435908975486049677e-02	6.750918617176853331e+02	1.697062949721672709e-02
1.238208383108432997e+02	8.130507687413532913e-01	6.620250479684843867e+02	1.366773422346523326e-02
1.363902489183152795e+02	8.023474607586065233e-01	7.286080362279938072e+02	1.664857039449874065e-02
1.319060271556990074e+02	7.209547366489346132e-01	7.410102818001460037e+02	1.527062437878368151e-02
1.257048129547950168e+02	4.444970220043125142e-01	6.073711269971886395e+02	1.568361581920907355e-02
1.276882923372381811e+02	6.816948700145706308e-01	6.503828722527243826e+02	1.115910727141833370e-02
