# mini: 500, opt: rmsprop, epochs:  100, beta: 0.9, CD-n: 1
# 
1.789332277694671234e+02	5.669839169632233666e-01	1.380101472674917204e+03	9.984338292873928822e-02
1.795107239136425505e+02	6.704448428890790179e-01	1.408567064186453536e+03	9.039739919452660644e-02
1.780087076521820109e+02	5.005777027639072285e-01	1.343543370580111741e+03	9.796257389944784677e-02
1.818969488474174625e+02	2.282088377179745109e-01	1.409396460788180775e+03	1.009749644799373680e-01
1.808496613212200543e+02	4.913306460099843287e-01	1.357221764737296098e+03	1.053615346778160600e-01
1.793937011157303800e+02	4.876928346998046226e-01	1.369310663254077781e+03	9.742638081750265577e-02
1.834238261513481802e+02	2.004909474317385643e-01	1.426953706138066082e+03	1.010828556029201852e-01
1.803022462422473495e+02	-2.678241480929910434e-01	1.388421860561869835e+03	9.182781070838585968e-02
1.808037610228282972e+02	4.115145556991689491e-01	1.364567920982375654e+03	1.023792003924455241e-01
1.795513854026195020e+02	5.760410736911081298e-01	1.331783029299429472e+03	9.731920503930857613e-02
1.841393494069097869e+02	1.814153029693125196e-01	1.411936850107540977e+03	1.004897159647404337e-01
1.783619914667920625e+02	5.716116675381477386e-01	1.379330653188531414e+03	9.774803380391783314e-02
1.835352827115266052e+02	7.103758867942022714e-01	1.457670023609570535e+03	1.010289073983341446e-01
1.797061490322465147e+02	6.143616456710063733e-01	1.399658698880806696e+03	9.935913115796690676e-02
1.819450466487065512e+02	6.147334351554184506e-01	1.323359453627044331e+03	9.374087413608478414e-02
1.799888885459321841e+02	1.381854604211184556e-01	1.380544152880803040e+03	1.057422624612507356e-01
1.799747204470672273e+02	7.625748028606703643e-01	1.366148413940391265e+03	1.026496565260059946e-01
1.797701310006754056e+02	2.179411804639056482e-01	1.330978863089118022e+03	1.106059108431354243e-01
1.744597374754415853e+02	6.407883680185497699e-01	1.378913495059397974e+03	1.088522648771341750e-01
1.800785939527516462e+02	3.009236503976819854e-01	1.359941845388696038e+03	9.860669762894147539e-02
1.775705493599656677e+02	6.532228653529563722e-01	1.341283357254065550e+03	1.024332810047094977e-01
1.818238158218004230e+02	4.807529858161589953e-01	1.339248528916602027e+03	1.016766349642121980e-01
1.858128090310245568e+02	6.756517782329760635e-01	1.451718445196149560e+03	9.930535172683696565e-02
1.834570794491180266e+02	5.252054391182783277e-01	1.438596263069732913e+03	1.054159083083279214e-01
1.811074266837227356e+02	4.720097558085224465e-01	1.396345509911893714e+03	1.093996840442337248e-01
1.823068841267383391e+02	1.326583283541185043e-01	1.414164116945157275e+03	1.069950738916256583e-01
1.855257394541253575e+02	8.065975920767650686e-01	1.472498790533197507e+03	1.066679799074166102e-01
1.805236826568746835e+02	-1.338854662061002010e-01	1.340191059786852747e+03	1.062321551639262562e-01
1.832675639604564708e+02	4.883910972704479381e-01	1.398807325411779857e+03	1.086881444570526600e-01
1.836749846876269601e+02	4.073452358906682891e-01	1.387761383547965352e+03	1.120898698470826904e-01
1.798354803702539755e+02	1.892654054955303922e-01	1.346422072744669777e+03	1.099476439790576521e-01
1.838143084746124885e+02	5.158759847039466884e-01	1.404305852216946732e+03	1.068860210816668932e-01
1.824308088015837370e+02	6.027967968153766787e-01	1.342536683734092094e+03	1.160111243543902049e-01
1.851537199194226275e+02	4.328543780454988665e-01	1.404503151165411964e+03	1.042209228047761282e-01
1.817976897542980339e+02	1.238965680107166900e-01	1.334726480983793408e+03	1.078136554104016653e-01
1.814138914195933410e+02	4.619976216485722764e-01	1.394588590477271055e+03	1.175651481997215253e-01
1.833897488956239386e+02	5.807035328146911146e-01	1.409870707704842062e+03	1.076498422712934833e-01
1.828625166621087317e+02	4.737541598543589805e-01	1.361722377226978324e+03	1.085787578313848201e-01
1.835524448216367261e+02	6.470887841294419296e-01	1.425368223292473886e+03	1.108255066732575234e-01
1.887455959751114278e+02	7.722353032627847780e-01	1.472423647491331621e+03	1.146825396825397192e-01
1.851534498733415433e+02	6.682566504924747353e-01	1.382803918660279805e+03	1.032992930086409356e-01
1.808361136499012503e+02	5.856948330860073382e-01	1.436896110148167054e+03	1.040039302382707032e-01
1.795157374716768572e+02	3.031086944137575401e-01	1.373472317330831402e+03	1.084147183584887042e-01
1.805826680498435906e+02	-2.348474658034545026e-01	1.353383637789193017e+03	1.047094680955658053e-01
1.862417783420250714e+02	6.369230369457574703e-01	1.411909457826372090e+03	1.070496083550913635e-01
1.801030260711906976e+02	4.869775678361791815e-01	1.369629477652573996e+03	1.101669795474755631e-01
1.793825521058277275e+02	4.770383566023091992e-01	1.328856857305685025e+03	1.061777012060054481e-01
1.811957505020468204e+02	-2.986090235790650471e-01	1.351531388267372677e+03	1.152357320099255400e-01
1.835720566970909999e+02	3.845883095290238973e-01	1.363385496521862933e+03	1.124752475247525751e-01
1.818598361376145078e+02	4.296620533230310901e-01	1.360686294843056885e+03	1.070496083550913635e-01
1.815293364720975262e+02	-2.226263140422950482e-01	1.372350284504021147e+03	1.161219827158042062e-01
1.848713065892054601e+02	1.988666499560693968e-01	1.397715391487744000e+03	1.110451893602293350e-01
1.859887093347335565e+02	3.972704389566465988e-01	1.369850791445540153e+03	1.040039302382707032e-01
1.847590322555300588e+02	6.379195831897970237e-01	1.452836373260317487e+03	1.163992249987579886e-01
1.858830277351862037e+02	6.559212865237126211e-01	1.476327513617621435e+03	1.100573009286702764e-01
1.850005405397508582e+02	5.483910649333094689e-01	1.435573283961008201e+03	1.136881752403606782e-01
1.827656970002850585e+02	6.137272944728102697e-01	1.368686425466303490e+03	1.065589915304312463e-01
1.848986208710059600e+02	6.337946100854466858e-01	1.410995502954400763e+03	1.166766050486980344e-01
1.812666544072571639e+02	5.259361856039896921e-01	1.388909337703538313e+03	1.142403808012693034e-01
1.815632121328547157e+02	3.300533258378255397e-01	1.337786619271764039e+03	1.157340747728514696e-01
1.817704596462252482e+02	2.528472351648124450e-01	1.314938489213364846e+03	1.159557034314941948e-01
1.871149379392249443e+02	6.345836499233524775e-01	1.440987892181244206e+03	1.121999505073001391e-01
1.796930716527490404e+02	3.893527001500192153e-01	1.336453272740713146e+03	1.138537794299876449e-01
1.802839427125998952e+02	1.937456976858976665e-01	1.371535922242827382e+03	1.145166889847741842e-01
1.849475601352988861e+02	4.929812244768150276e-02	1.427138138567190254e+03	1.125303232833307909e-01
1.847011099046240190e+02	6.024983279437929884e-01	1.395851094779588493e+03	1.193464833632198463e-01
1.822490054842549796e+02	4.470540500752698820e-01	1.312958078738411359e+03	1.173428798727127464e-01
1.792620986154072682e+02	6.880605149468315140e-01	1.330233820372139235e+03	1.160665507822200571e-01
1.872954884667540512e+02	8.501590539925975021e-01	1.499440473785272616e+03	1.149590672289755311e-01
1.859647816120030939e+02	4.696047281819619723e-01	1.431804912088163064e+03	1.162883115592867611e-01
1.851369763175362948e+02	6.626089126366911941e-01	1.410052900517915987e+03	1.224214574696569358e-01
1.839453723255901991e+02	2.707192257685669956e-01	1.394312334754916719e+03	1.170651687627379811e-01
1.861083018030093115e+02	6.310719733966529965e-01	1.388917332880099821e+03	1.201834405064552413e-01
1.832097158995668735e+02	8.652403358914948495e-01	1.276381704785193733e+03	1.139642095870718741e-01
1.851350858157361756e+02	7.452463772896964489e-01	1.460729985631303862e+03	1.218051118210863315e-01
1.833131200978260438e+02	3.722808610929220219e-01	1.420683488271195756e+03	1.207980049875312378e-01
1.870906197541715414e+02	3.295715645466464894e-01	1.409716766694874423e+03	1.277727592090736053e-01
1.864859244018164475e+02	6.951789445838096881e-01	1.329282121427658467e+03	1.135226202864079159e-01
1.851955723012837041e+02	7.639054225783081797e-01	1.461256817468957479e+03	1.233191702074480922e-01
1.852706128882829546e+02	2.153831730089974528e-01	1.418536177266557161e+03	1.161219827158042062e-01
1.814458596937389530e+02	2.869503049014244800e-01	1.399205343211473519e+03	1.225896692976320423e-01
1.860365555475589758e+02	5.588649156900769022e-01	1.371156398410857719e+03	1.211335062861704781e-01
1.833995637944649104e+02	1.974679223322255428e-01	1.365198119617078646e+03	1.196811160936721574e-01
1.824732857160192623e+02	4.788982491203569447e-01	1.386597700210606718e+03	1.229262442534480027e-01
1.832651085176881054e+02	2.340313260758386527e-01	1.335639401630436623e+03	1.202392821535394063e-01
1.847298026848943380e+02	3.525573726119954898e-01	1.378422006645092097e+03	1.290192926045015120e-01
1.864878012096233419e+02	7.295723732301002684e-01	1.422394221008186378e+03	1.218051118210863315e-01
1.886846575638835475e+02	6.427504482437650379e-01	1.365860727222295509e+03	1.243308150297692816e-01
1.868081903986011127e+02	5.827014860289754239e-01	1.396556547489237346e+03	1.268679169591815370e-01
1.901783373573341578e+02	7.760654606746251183e-01	1.355853244560780695e+03	1.224775224775225269e-01
1.880111698809408551e+02	4.698540272597165890e-01	1.409648759658436347e+03	1.273201565165045235e-01
1.853914776897794638e+02	4.725853097156710314e-01	1.392851328135272752e+03	1.264725048874630886e-01
1.826986589989100196e+02	6.998334894051312371e-01	1.306284458052038417e+03	1.297003820631410509e-01
1.846485851556951445e+02	6.937041629396936138e-01	1.332160457366254150e+03	1.228140301788747113e-01
1.836287014603109355e+02	5.381256928174689147e-01	1.407805309023447080e+03	1.283390239003816546e-01
1.794037346322534177e+02	6.424608323930018905e-01	1.369293996828821946e+03	1.276595744680850686e-01
1.895953585929782150e+02	2.826597122972112075e-01	1.362247557096747187e+03	1.335182849936948912e-01
1.887281113136037334e+02	6.726075359485143013e-01	1.430717552224590690e+03	1.306097806399677541e-01
1.893755528044736707e+02	3.836148335554525612e-01	1.425949823523021905e+03	1.244433324993745593e-01
1.845066394469315583e+02	6.576187650594330636e-01	1.296772371962207217e+03	1.272070626003209970e-01
